0 Треугольник Серпинского
0.5 0.0 0.0 0.5  0.00 0.5 0.333333
0.5 0.0 0.0 0.5  0.25 0.0 0.333333
0.5 0.0 0.0 0.5 -0.25 0.0 0.333333

0 Клён
0.14  0.01  0.00 0.51 -0.08 -1.31 0.25
0.43  0.52 -0.45 0.50  1.49 -0.75 0.25
0.45 -0.49  0.47 0.47 -1.62 -0.74 0.25 
0.49  0.00  0.00 0.51  0.02  1.62 0.25

0 Коралл
0.307692 -0.531469 -0.461538 -0.293706  5.401953 8.655175 0.40
0.307692 -0.076923  0.153846 -0.447552 -1.295248 4.152990 0.15
0.000000  0.545455  0.692308 -0.195804 -4.893637 7.269794 0.45

0 Золотой Дракон
0.824074 0.281482 -0.212346  0.864198 -1.882290 -0.110607 0.787473
0.088272 0.520988 -0.463889 -0.377778  0.785360  8.095795 0.212527

0 Папоротник Барнсли
 0.00  0.00  0.00 0.16 0.0 0.00 0.01
 0.85  0.04 -0.04 0.85 0.0 1.60 0.85
 0.20 -0.26  0.23 0.22 0.0 1.60 0.07
-0.15  0.28  0.26 0.24 0.0 0.44 0.07

0 Лист
0.0000  0.2439  0.0000  0.3053 0.0000 0.0000 0.25
0.7248  0.0337 -0.0253  0.7426 0.2060 0.2538 0.25
0.1583 -0.1297  0.3550  0.3676 0.1383 0.1750 0.25
0.3386  0.3694  0.2227 -0.0756 0.0679 0.0826 0.25

0 Спираль
 0.787879 -0.424242 0.242424 0.859848  1.758647 1.408065 0.895652
-0.121212  0.257576 0.151515 0.053030 -6.721654 1.377236 0.052174
 0.181818 -0.136364 0.090909 0.181818  6.086107 1.568035 0.052174

0 Звезда_Дюрера
 0.382  0.0000  0.0000  0.382 0.3090 0.5700 0.16666666666
 0.118 -0.3633  0.3633  0.118 0.3633 0.3306 0.16666666666
 0.118  0.3633 -0.3633  0.118 0.5187 0.6940 0.16666666666
-0.309 -0.2245  0.2245 -0.309 0.6070 0.3090 0.16666666666
-0.309  0.2245 -0.2245 -0.309 0.7016 0.5335 0.16666666666
 0.382  0.0000  0.0000 -0.382 0.3090 0.6770 0.16666666666

0 Дерево
 0.05  0.00  0.00  0.40 -0.06 -0.47 0.14285714285
-0.05  0.00  0.00 -0.40 -0.06 -0.47 0.14285714285
 0.03 -0.14  0.00  0.26 -0.16 -0.01 0.14285714285
-0.03  0.14  0.00 -0.26 -0.16 -0.01 0.14285714285
 0.56  0.44 -0.37  0.51  0.30  0.15 0.14285714285
 0.19  0.07 -0.10  0.15 -0.20  0.28 0.14285714285
-0.33 -0.34 -0.33  0.34 -0.54  0.39 0.14285714285

1 Дерево_2
0.05  0.60  0.000  0.0000 0.0 0.0 0.16666666666
0.05 -0.50  0.000  0.0000 0.0 1.0 0.16666666666
0.60  0.50  0.698  0.6980 0.0 0.6 0.16666666666
0.50  0.45  0.349  0.3492 0.0 1.1 0.16666666666
0.50  0.55 -0.524 -0.5240 0.0 1.0 0.16666666666
0.55  0.40 -0.698 -0.6980 0.0 0.7 0.16666666666
